255 255 255 255 255 255 255 255 255 255 255 255 255 255 255 255
255 255 255 255 255 255 255 255 255 255 255 255 255 255 255 255
255 255   0   0   0   0   0   0   0   0   0   0   0   0 255 255
255 255   0   0   0   0   0   0   0   0   0   0   0   0 255 255
255 255   0   0   0   0   0   0   0   0   0   0   0   0 255 255
255 255   0   0   0 255 255 255 255 255 255   0   0   0 255 255
255 255   0   0   0 255 255 255 255 255 255   0   0   0 255 255
255 255   0   0   0 255 255 255 255 255 255   0   0   0 255 255
255 255   0   0   0 159   0 255 255 255 255   0   0   0 255 255
255 255   0   0   0 159   0   0   0 255   0   0   0   0 255 255
255 255   0   0   0 255 159   0 159 255 159   0   0   0 255 255
255 255   0   0   0   0   0   0   0   0   0   0   0   0 255 255
255 255   0   0   0   0   0   0   0   0   0   0   0   0 255 255
255 255   0   0   0   0   0   0   0   0   0   0   0   0 255 255
255 255 255 255 255 255 255 255 255 255 255 255 255 255 255 255
255 255 255 255 255 255 255 255 255 255 255 255 255 255 255 255
255 255 255 255 255 255 255 255 255 255 255 255 255 255 255 255
255 255 255 255 255 255 255 255 255 255 255 255 255 255 255 255
255 255   0   0   0   0   0   0   0   0   0   0   0   0 255 255
255 255   0   0   0   0   0   0   0   0   0   0   0   0 255 255
255 255   0   0   0   0   0   0   0   0   0   0   0   0 255 255
255 255   0   0   0 255 255 255 255 255 255   0   0   0 255 255
255 255   0   0   0 255 255 255 255 255 255   0   0   0 255 255
255 255   0   0   0 255 255 255 255 255 255   0   0   0 255 255
255 255   0   0   0 159   0 255 255 255 255   0   0   0 255 255
255 255   0   0   0 159   0   0   0 255   0   0   0   0 255 255
255 255   0   0   0 255 159   0 159 255 159   0   0   0 255 255
255 255   0   0   0   0   0   0   0   0   0   0   0   0 255 255
255 255   0   0   0   0   0   0   0   0   0   0   0   0 255 255
255 255   0   0   0   0   0   0   0   0   0   0   0   0 255 255
255 255 255 255 255 255 255 255 255 255 255 255 255 255 255 255
255 255 255 255 255 255 255 255 255 255 255 255 255 255 255 255
255 255 255 255 255 255 255 255 255 255 255 255 255 255 255 255
255 255 255 255 255 255 255 255 255 255 255 255 255 255 255 255
255 255   0   0   0   0   0   0   0   0   0   0   0   0 255 255
255 255   0   0   0   0   0   0   0   0   0   0   0   0 255 255
255 255   0   0   0   0   0   0   0   0   0   0   0   0 255 255
255 255   0   0   0 255 255 255 255 255 255   0   0   0 255 255
255 255   0   0   0 255 255 255 255 255 255   0   0   0 255 255
255 255   0   0   0 255 255 255 255 255 255   0   0   0 255 255
255 255   0   0   0 159   0 255 255 255 255   0   0   0 255 255
255 255   0   0   0 159   0   0   0 255   0   0   0   0 255 255
255 255   0   0   0 255 159   0 159 255 159   0   0   0 255 255
255 255   0   0   0   0   0   0   0   0   0   0   0   0 255 255
255 255   0   0   0   0   0   0   0   0   0   0   0   0 255 255
255 255   0   0   0   0   0   0   0   0   0   0   0   0 255 255
255 255 255 255 255 255 255 255 255 255 255 255 255 255 255 255
255 255 255 255 255 255 255 255 255 255 255 255 255 255 255 255

255 255 255 255 255 255 255 255 255 255 255 255 255 255 255 255
255 214 153 153 153 153 153 153 153 153 153 153 153 153 214 255
255 153   0   0   0   0   0   0   0   0   0   0   0   0 153 255
255 153   0   0   0   0   0   0   0   0   0   0   0   0 153 255
255 153   0   0  10  51  51  51  51  14  31  10   0   0 153 255
255 153   0   0  51 255 255 255 255  15 129  51   0   0 153 255
255 153   0   0  51 255 255 255 255 187 219  51   0   0 153 255
255 153   0   0  51 255 249 165 223  15  83  37   0   0 153 255
255 153   0   0  51 255 249 165 223  15   0  12   0   0 153 255
255 153   0   0  51 255 255 255  99  12 148  48   0   0 153 255
255 153   0   0  51 255 255 255 173 156 255  51   0   0 153 255
255 153   0   0  10  51  51  51  51  51  51  10   0   0 153 255
255 153   0   0   0   0   0   0   0   0   0   0   0   0 153 255
255 153   0   0   0   0   0   0   0   0   0   0   0   0 153 255
255 214 153 153 153 153 153 153 153 153 153 153 153 153 214 255
255 255 255 255 255 255 255 255 255 255 255 255 255 255 255 255
255 255 255 255 255 255 255 255 255 255 255 255 255 255 255 255
255 214 153 153 153 153 153 153 153 153 153 153 153 153 214 255
255 153   0   0   0   0   0   0   0   0   0   0   0   0 153 255
255 153   0   0   0   0   0   0   0   0   0   0   0   0 153 255
255 153   0   0  10  51  51  51  51  14  31  10   0   0 153 255
255 153   0   0  51 255 255 255 255  15 129  51   0   0 153 255
255 153   0   0  51 255 255 255 255 187 219  51   0   0 153 255
255 153   0   0  51 255 249 165 223  15  83  37   0   0 153 255
255 153   0   0  51 255 249 165 223  15   0  12   0   0 153 255
255 153   0   0  51 255 255 255  99  12 148  48   0   0 153 255
255 153   0   0  51 255 255 255 173 156 255  51   0   0 153 255
255 153   0   0  10  51  51  51  51  51  51  10   0   0 153 255
255 153   0   0   0   0   0   0   0   0   0   0   0   0 153 255
255 153   0   0   0   0   0   0   0   0   0   0   0   0 153 255
255 214 153 153 153 153 153 153 153 153 153 153 153 153 214 255
255 255 255 255 255 255 255 255 255 255 255 255 255 255 255 255
255 255 255 255 255 255 255 255 255 255 255 255 255 255 255 255
255 214 153 153 153 153 153 153 153 153 153 153 153 153 214 255
255 153   0   0   0   0   0   0   0   0   0   0   0   0 153 255
255 153   0   0   0   0   0   0   0   0   0   0   0   0 153 255
255 153   0   0  10  51  51  51  51  14  31  10   0   0 153 255
255 153   0   0  51 255 255 255 255  15 129  51   0   0 153 255
255 153   0   0  51 255 255 255 255 187 219  51   0   0 153 255
255 153   0   0  51 255 249 165 223  15  83  37   0   0 153 255
255 153   0   0  51 255 249 165 223  15   0  12   0   0 153 255
255 153   0   0  51 255 255 255  99  12 148  48   0   0 153 255
255 153   0   0  51 255 255 255 173 156 255  51   0   0 153 255
255 153   0   0  10  51  51  51  51  51  51  10   0   0 153 255
255 153   0   0   0   0   0   0   0   0   0   0   0   0 153 255
255 153   0   0   0   0   0   0   0   0   0   0   0   0 153 255
255 214 153 153 153 153 153 153 153 153 153 153 153 153 214 255
255 255 255 255 255 255 255 255 255 255 255 255 255 255 255 255

255 255 255 255 255 255 255 255 255 255 255 255 255 255 255 255
255 214 153 153 153 153 153 153 153 153 153 153 153 153 214 255
255 153   0   0   0   0   0   0   0   0   0   0   0   0 153 255
255 153   0   0   0   0   0   0   0   0   0   0   0   0 153 255
255 153   0   0  10  51  51  37  12  48  51  10   0   0 153 255
255 153   0   0  31 129 219  83   0 148 255  51   0   0 153 255
255 153   0   0  14  15 187  15  15  12 156  51   0   0 153 255
255 153   0   0  51 255 255 223 223  99 173  51   0   0 153 255
255 153   0   0  51 255 255 165 165 255 255  51   0   0 153 255
255 153   0   0  51 255 255 249 249 255 255  51   0   0 153 255
255 153   0   0  51 255 255 255 255 255 255  51   0   0 153 255
255 153   0   0  10  51  51  51  51  51  51  10   0   0 153 255
255 153   0   0   0   0   0   0   0   0   0   0   0   0 153 255
255 153   0   0   0   0   0   0   0   0   0   0   0   0 153 255
255 214 153 153 153 153 153 153 153 153 153 153 153 153 214 255
255 255 255 255 255 255 255 255 255 255 255 255 255 255 255 255
255 255 255 255 255 255 255 255 255 255 255 255 255 255 255 255
255 214 153 153 153 153 153 153 153 153 153 153 153 153 214 255
255 153   0   0   0   0   0   0   0   0   0   0   0   0 153 255
255 153   0   0   0   0   0   0   0   0   0   0   0   0 153 255
255 153   0   0  10  51  51  37  12  48  51  10   0   0 153 255
255 153   0   0  31 129 219  83   0 148 255  51   0   0 153 255
255 153   0   0  14  15 187  15  15  12 156  51   0   0 153 255
255 153   0   0  51 255 255 223 223  99 173  51   0   0 153 255
255 153   0   0  51 255 255 165 165 255 255  51   0   0 153 255
255 153   0   0  51 255 255 249 249 255 255  51   0   0 153 255
255 153   0   0  51 255 255 255 255 255 255  51   0   0 153 255
255 153   0   0  10  51  51  51  51  51  51  10   0   0 153 255
255 153   0   0   0   0   0   0   0   0   0   0   0   0 153 255
255 153   0   0   0   0   0   0   0   0   0   0   0   0 153 255
255 214 153 153 153 153 153 153 153 153 153 153 153 153 214 255
255 255 255 255 255 255 255 255 255 255 255 255 255 255 255 255
255 255 255 255 255 255 255 255 255 255 255 255 255 255 255 255
255 214 153 153 153 153 153 153 153 153 153 153 153 153 214 255
255 153   0   0   0   0   0   0   0   0   0   0   0   0 153 255
255 153   0   0   0   0   0   0   0   0   0   0   0   0 153 255
255 153   0   0  10  51  51  37  12  48  51  10   0   0 153 255
255 153   0   0  31 129 219  83   0 148 255  51   0   0 153 255
255 153   0   0  14  15 187  15  15  12 156  51   0   0 153 255
255 153   0   0  51 255 255 223 223  99 173  51   0   0 153 255
255 153   0   0  51 255 255 165 165 255 255  51   0   0 153 255
255 153   0   0  51 255 255 249 249 255 255  51   0   0 153 255
255 153   0   0  51 255 255 255 255 255 255  51   0   0 153 255
255 153   0   0  10  51  51  51  51  51  51  10   0   0 153 255
255 153   0   0   0   0   0   0   0   0   0   0   0   0 153 255
255 153   0   0   0   0   0   0   0   0   0   0   0   0 153 255
255 214 153 153 153 153 153 153 153 153 153 153 153 153 214 255
255 255 255 255 255 255 255 255 255 255 255 255 255 255 255 255

255 255 255 255 255 255 255 255 255 255 255 255 255 255 255 255
255 214 153 153 153 153 153 153 153 153 153 153 153 153 214 255
255 153   0   0   0   0   0   0   0   0   0   0   0   0 153 255
255 153   0   0   0   0   0   0   0   0   0   0   0   0 153 255
255 153   0   0  10  51  51  51  51  51  51  10   0   0 153 255
255 153   0   0  51 255 156 173 255 255 255  51   0   0 153 255
255 153   0   0  48 148  12  99 255 255 255  51   0   0 153 255
255 153   0   0  12   0  15 223 165 249 255  51   0   0 153 255
255 153   0   0  37  83  15 223 165 249 255  51   0   0 153 255
255 153   0   0  51 219 187 255 255 255 255  51   0   0 153 255
255 153   0   0  51 129  15 255 255 255 255  51   0   0 153 255
255 153   0   0  10  31  14  51  51  51  51  10   0   0 153 255
255 153   0   0   0   0   0   0   0   0   0   0   0   0 153 255
255 153   0   0   0   0   0   0   0   0   0   0   0   0 153 255
255 214 153 153 153 153 153 153 153 153 153 153 153 153 214 255
255 255 255 255 255 255 255 255 255 255 255 255 255 255 255 255
255 255 255 255 255 255 255 255 255 255 255 255 255 255 255 255
255 214 153 153 153 153 153 153 153 153 153 153 153 153 214 255
255 153   0   0   0   0   0   0   0   0   0   0   0   0 153 255
255 153   0   0   0   0   0   0   0   0   0   0   0   0 153 255
255 153   0   0  10  51  51  51  51  51  51  10   0   0 153 255
255 153   0   0  51 255 156 173 255 255 255  51   0   0 153 255
255 153   0   0  48 148  12  99 255 255 255  51   0   0 153 255
255 153   0   0  12   0  15 223 165 249 255  51   0   0 153 255
255 153   0   0  37  83  15 223 165 249 255  51   0   0 153 255
255 153   0   0  51 219 187 255 255 255 255  51   0   0 153 255
255 153   0   0  51 129  15 255 255 255 255  51   0   0 153 255
255 153   0   0  10  31  14  51  51  51  51  10   0   0 153 255
255 153   0   0   0   0   0   0   0   0   0   0   0   0 153 255
255 153   0   0   0   0   0   0   0   0   0   0   0   0 153 255
255 214 153 153 153 153 153 153 153 153 153 153 153 153 214 255
255 255 255 255 255 255 255 255 255 255 255 255 255 255 255 255
255 255 255 255 255 255 255 255 255 255 255 255 255 255 255 255
255 214 153 153 153 153 153 153 153 153 153 153 153 153 214 255
255 153   0   0   0   0   0   0   0   0   0   0   0   0 153 255
255 153   0   0   0   0   0   0   0   0   0   0   0   0 153 255
255 153   0   0  10  51  51  51  51  51  51  10   0   0 153 255
255 153   0   0  51 255 156 173 255 255 255  51   0   0 153 255
255 153   0   0  48 148  12  99 255 255 255  51   0   0 153 255
255 153   0   0  12   0  15 223 165 249 255  51   0   0 153 255
255 153   0   0  37  83  15 223 165 249 255  51   0   0 153 255
255 153   0   0  51 219 187 255 255 255 255  51   0   0 153 255
255 153   0   0  51 129  15 255 255 255 255  51   0   0 153 255
255 153   0   0  10  31  14  51  51  51  51  10   0   0 153 255
255 153   0   0   0   0   0   0   0   0   0   0   0   0 153 255
255 153   0   0   0   0   0   0   0   0   0   0   0   0 153 255
255 214 153 153 153 153 153 153 153 153 153 153 153 153 214 255
255 255 255 255 255 255 255 255 255 255 255 255 255 255 255 255
